id_kelurahan,kelurahan,longitude,latitude,januari,februari,maret,april,mei,juni,juli,agustus,september,oktober,november,desember,total
1,Klojen,112.635637,-7.973123,0,0,0,0,0,0,0,0,0,0,0,0,0
2,Samaan,112.628017,-7.960761,0,0,1,0,0,0,0,0,0,0,0,0,1
3,Rampal Celaket,112.631382,-7.964198,0,0,0,0,0,0,0,0,0,0,0,0,0
4,Kidul Dalem,112.632027,-7.980595,0,1,0,0,0,0,0,0,0,0,0,0,1
5,Sukoharjo,112.635862,-7.982215,1,0,0,0,0,0,0,0,0,0,0,0,1
6,Kasin,112.627197,-7.988300,0,0,0,0,0,0,0,0,0,0,0,0,0
7,Kauman,112.628017,-7.960761,0,0,0,0,0,0,0,0,0,0,0,0,0
8,Oro-oro Dowo,112.626692,-7.966125,0,0,0,0,0,0,0,0,0,0,0,0,0
9,Bareng,112.624394,-7.978754,0,0,0,0,0,0,0,0,0,0,0,0,0
10,Gadingkasri,112.613096,-7.971595,1,0,0,0,0,0,0,0,0,0,0,0,1
11,Penanggungan,112.617712,-7.953587,0,0,0,0,0,0,0,0,0,0,0,0,0
12,Balearjosari,112.651323,-7.923542,0,0,0,0,0,0,0,0,0,0,0,0,0
13,Arjosari,112.653279,-7.927846,0,0,0,0,0,0,0,0,0,0,0,0,0
14,Polowijen,112.648100,-7.931156,0,0,0,0,0,0,0,0,0,0,0,0,0
15,Purwodadi,112.645540,-7.935748,0,0,0,0,0,0,0,0,0,0,0,0,0
16,Pandanwangi,112.658416,-7.946357,0,0,1,0,0,0,0,0,0,0,0,0,1
17,Blimbing,112.646777,-7.944314,0,0,0,0,0,0,0,0,0,0,0,0,0
18,Purwantoro,112.647790,-7.953482,0,0,1,0,0,0,0,0,0,0,0,0,1
19,Bunulrejo,112.642658,-7.969156,0,0,0,0,0,0,0,0,0,0,0,0,0
20,Kesatrian,112.638823,-7.975041,0,0,0,0,0,0,0,0,0,0,0,0,0
21,Polehan,112.645042,-7.987584,0,0,0,0,0,0,0,0,0,0,0,0,0
22,Jodipan,112.639243,-7.987784,0,0,0,0,0,0,0,0,0,0,0,0,0
23,Kotalama,112.635750,-7.994082,0,0,0,0,0,0,0,0,0,0,0,0,0
24,Mergosono,112.649446,-7.991697,0,0,1,0,0,0,0,0,0,0,0,0,1
25,Bumiayu,112.634737,-8.019921,0,0,2,0,0,0,0,0,0,0,0,0,2
26,Wonokoyo,112.647607,-8.021635,0,0,1,0,0,0,0,0,0,0,0,0,1
27,Buring,112.645191,-8.010210,0,0,0,0,0,0,0,0,0,0,0,0,0
28,Kedungkandang,112.649456,-7.991737,0,0,0,0,0,0,0,0,0,0,0,0,0
29,Lesanpuro,112.660065,-7.983694,0,2,1,0,0,0,0,0,0,0,0,0,3
30,Sawojajar,112.657037,-7.970331,0,0,3,0,0,0,0,0,0,0,0,0,3
31,Madyopuro,112.673940,-7.974846,2,0,0,0,0,0,0,0,0,0,0,0,2
32,Cemorokandang,112.685513,-7.980652,0,0,0,0,0,0,0,0,0,0,0,0,0
33,Arjowinangun,112.642093,-8.038434,0,0,0,0,0,0,0,0,0,0,0,0,0
34,Tlogowaru,112.654363,-8.036823,0,0,0,0,0,0,0,0,0,0,0,0,0
37,Tunggulwulung,112.613948,-7.928920,0,0,0,0,0,0,0,0,0,0,0,0,0
38,Merjosari,112.603691,-7.943270,0,0,0,0,0,0,0,0,0,0,0,0,0
39,Tlogomas,112.604276,-7.934633,0,0,0,0,0,0,0,0,0,0,0,0,0
40,Dinoyo,112.609624,-7.941201,0,0,0,0,0,0,0,0,0,0,0,0,0
41,Sumbersari,112.607970,-7.957673,0,0,0,0,0,0,0,0,0,0,0,0,0
42,Ketawanggede,112.608516,-7.948266,0,0,0,0,0,0,0,0,0,0,0,0,0
43,Jatimulyo,112.617312,-7.944171,0,0,0,0,0,0,0,0,0,0,0,0,0
44,Tunjungsekar,112.638154,-7.931740,0,0,0,0,0,0,0,0,0,0,0,0,0
45,Mojolangu,112.630774,-7.938098,0,0,0,0,0,0,0,0,0,0,0,0,0
46,Tulusrejo,112.634657,-7.948781,0,0,0,0,0,0,0,0,0,0,0,0,0
47,Lowokwaru,112.632926,-7.962430,0,0,0,0,0,0,0,0,0,0,0,0,0
48,Tasikmadu,112.624688,-7.915335,0,0,0,0,0,0,0,0,0,0,0,0,0
49,Ciptomulyo,112.630180,-7.999807,0,0,0,0,0,0,0,0,0,0,0,0,0
50,Gadang,112.629671,-8.006855,3,0,0,0,0,0,0,0,0,0,0,0,3
51,Kebonsari,112.619525,-8.019643,0,0,0,0,0,0,0,0,0,0,0,0,0
52,Bandungrejosari,112.618430,-8.006872,0,0,0,0,0,0,0,0,0,0,0,0,0
53,Sukun,112.618558,-7.990617,0,0,1,0,0,0,0,0,0,0,0,0,1
54,Tanjungrejo,112.612494,-7.988085,0,0,1,0,0,0,0,0,0,0,0,0,1
55,Pisangcandi,112.612971,-7.981371,0,0,1,0,0,0,0,0,0,0,0,0,1
56,Bandulan,112.606196,-7.983138,1,0,0,0,0,0,0,0,0,0,0,0,1
57,Karangbesuki,112.605639,-7.961631,0,0,0,0,0,0,0,0,0,0,0,0,0
58,Mulyorejo,112.785076,-7.262355,0,0,0,0,0,0,0,0,0,0,0,0,0
59,Bakalankrajan,112.610928,-8.007086,1,0,0,0,0,0,0,0,0,0,0,0,1
